100206
100610
101006
101309
101915
102311
102513
106016
107321
107422
108121
108222
109830
110007
110613
112112
112314
112920
113922
116524
118124
118528
119126
121416
122822
124826
127630
129129
129634
130316
130417
131217
131823
132017
133019
134021
134223
134425
134728
135528
135730
136732
137229
137633
139233
139839
140117
141119
141826
144125
144731
146129
146432
146533
146937
147030
148133
149236
149842
150625
150928
152831
153227
154229
154532
154734
154835
154936
155635
155938
157942
159138
159340
159441
160830
162733
163331
163836
164030
164939
167238
168240
169949
170631
171633
172938
173435
173536
173738
173839
173940
175035
175237
175338
175742
176037
178950
179346
180129
181131